[0],[
[0],[110000],[
[0],[110000],110100],
[0],110000],110100],
[0],110000],110100],
[0],110000],110100],
[0],110000],110100],
[0],110000],110100],
[0],110000],110100],
[0],110000],110100],
[0],110000],110100],
[0],110000],110100],
[0],110000],110100],
[0],110000],110100],
[0],110000],110100],
[0],110000],110100],
[0],110000],110100],
[0],110000],110100],
[0],[
[0],[120000],[
[0],[120000],120100],
[0],120000],120100],
[0],120000],120100],
[0],120000],120100],
[0],120000],120100],
[0],120000],120100],
[0],120000],120100],
[0],120000],120100],
[0],120000],120100],
[0],120000],120100],
[0],120000],120100],
[0],120000],120100],
[0],120000],120100],
[0],120000],120100],
[0],120000],120100],
[0],120000],120100],
[0],[
[0],[130000],[
[0],[130000],130100],
[0],130000],130100],
[0],130000],130100],
[0],130000],130100],
[0],130000],130100],
[0],130000],130100],
[0],130000],130100],
[0],130000],130100],
[0],130000],130100],
[0],130000],130100],
[0],130000],130100],
[0],130000],130100],
[0],130000],130100],
[0],130000],130100],
[0],130000],130100],
[0],130000],130100],
[0],130000],130100],
[0],130000],130100],
[0],130000],130100],
[0],130000],130100],
[0],130000],130100],
[0],130000],130100],
[0],130000],[
[0],[130000],130200],
[0],130000],130200],
[0],130000],130200],
[0],130000],130200],
[0],130000],130200],
[0],130000],130200],
[0],130000],130200],
[0],130000],130200],
[0],130000],130200],
[0],130000],130200],
[0],130000],130200],
[0],130000],130200],
[0],130000],130200],
[0],130000],130200],
[0],130000],[
[0],[130000],130300],
[0],130000],130300],
[0],130000],130300],
[0],130000],130300],
[0],130000],130300],
[0],130000],130300],
[0],130000],130300],
[0],130000],[
[0],[130000],130400],
[0],130000],130400],
[0],130000],130400],
[0],130000],130400],
[0],130000],130400],
[0],130000],130400],
[0],130000],130400],
[0],130000],130400],
[0],130000],130400],
[0],130000],130400],
[0],130000],130400],
[0],130000],130400],
[0],130000],130400],
[0],130000],130400],
[0],130000],130400],
[0],130000],130400],
[0],130000],130400],
[0],130000],130400],
[0],130000],[
[0],[130000],130500],
[0],130000],130500],
[0],130000],130500],
[0],130000],130500],
[0],130000],130500],
[0],130000],130500],
[0],130000],130500],
[0],130000],130500],
[0],130000],130500],
[0],130000],130500],
[0],130000],130500],
[0],130000],130500],
[0],130000],130500],
[0],130000],130500],
[0],130000],130500],
[0],130000],130500],
[0],130000],130500],
[0],130000],130500],
[0],130000],130500],
[0],130000],[
[0],[130000],130600],
[0],130000],130600],
[0],130000],130600],
[0],130000],130600],
[0],130000],130600],
[0],130000],130600],
[0],130000],130600],
[0],130000],130600],
[0],130000],130600],
[0],130000],130600],
[0],130000],130600],
[0],130000],130600],
[0],130000],130600],
[0],130000],130600],
[0],130000],130600],
[0],130000],130600],
[0],130000],130600],
[0],130000],130600],
[0],130000],130600],
[0],130000],130600],
[0],130000],130600],
[0],130000],130600],
[0],130000],130600],
[0],130000],130600],
[0],130000],[
[0],[130000],130700],
[0],130000],130700],
[0],130000],130700],
[0],130000],130700],
[0],130000],130700],
[0],130000],130700],
[0],130000],130700],
[0],130000],130700],
[0],130000],130700],
[0],130000],130700],
[0],130000],130700],
[0],130000],130700],
[0],130000],130700],
[0],130000],130700],
[0],130000],130700],
[0],130000],130700],
[0],130000],[
[0],[130000],130800],
[0],130000],130800],
[0],130000],130800],
[0],130000],130800],
[0],130000],130800],
[0],130000],130800],
[0],130000],130800],
[0],130000],130800],
[0],130000],130800],
[0],130000],130800],
[0],130000],130800],
[0],130000],[
[0],[130000],130900],
[0],130000],130900],
[0],130000],130900],
[0],130000],130900],
[0],130000],130900],
[0],130000],130900],
[0],130000],130900],
[0],130000],130900],
[0],130000],130900],
[0],130000],130900],
[0],130000],130900],
[0],130000],130900],
[0],130000],130900],
[0],130000],130900],
[0],130000],130900],
[0],130000],130900],
[0],130000],[
[0],[130000],131000],
[0],130000],131000],
[0],130000],131000],
[0],130000],131000],
[0],130000],131000],
[0],130000],131000],
[0],130000],131000],
[0],130000],131000],
[0],130000],131000],
[0],130000],131000],
[0],130000],[
[0],[130000],131100],
[0],130000],131100],
[0],130000],131100],
[0],130000],131100],
[0],130000],131100],
[0],130000],131100],
[0],130000],131100],
[0],130000],131100],
[0],130000],131100],
[0],130000],131100],
[0],130000],131100],
[0],[
[0],[140000],[
[0],[140000],140100],
[0],140000],140100],
[0],140000],140100],
[0],140000],140100],
[0],140000],140100],
[0],140000],140100],
[0],140000],140100],
[0],140000],140100],
[0],140000],140100],
[0],140000],140100],
[0],140000],[
[0],[140000],140200],
[0],140000],140200],
[0],140000],140200],
[0],140000],140200],
[0],140000],140200],
[0],140000],140200],
[0],140000],140200],
[0],140000],140200],
[0],140000],140200],
[0],140000],140200],
[0],140000],140200],
[0],140000],[
[0],[140000],140300],
[0],140000],140300],
[0],140000],140300],
[0],140000],140300],
[0],140000],140300],
[0],140000],[
[0],[140000],140400],
[0],140000],140400],
[0],140000],140400],
[0],140000],140400],
[0],140000],140400],
[0],140000],140400],
[0],140000],140400],
[0],140000],140400],
[0],140000],140400],
[0],140000],140400],
[0],140000],140400],
[0],140000],140400],
[0],140000],140400],
[0],140000],[
[0],[140000],140500],
[0],140000],140500],
[0],140000],140500],
[0],140000],140500],
[0],140000],140500],
[0],140000],140500],
[0],140000],[
[0],[140000],140600],
[0],140000],140600],
[0],140000],140600],
[0],140000],140600],
[0],140000],140600],
[0],140000],140600],
[0],140000],[
[0],[140000],140700],
[0],140000],140700],
[0],140000],140700],
[0],140000],140700],
[0],140000],140700],
[0],140000],140700],
[0],140000],140700],
[0],140000],140700],
[0],140000],140700],
[0],140000],140700],
[0],140000],140700],
[0],140000],[
[0],[140000],140800],
[0],140000],140800],
[0],140000],140800],
[0],140000],140800],
[0],140000],140800],
[0],140000],140800],
[0],140000],140800],
[0],140000],140800],
[0],140000],140800],
[0],140000],140800],
[0],140000],140800],
[0],140000],140800],
[0],140000],140800],
[0],140000],[
[0],[140000],140900],
[0],140000],140900],
[0],140000],140900],
[0],140000],140900],
[0],140000],140900],
[0],140000],140900],
[0],140000],140900],
[0],140000],140900],
[0],140000],140900],
[0],140000],140900],
[0],140000],140900],
[0],140000],140900],
[0],140000],140900],
[0],140000],140900],
[0],140000],[
[0],[140000],141000],
[0],140000],141000],
[0],140000],141000],
[0],140000],141000],
[0],140000],141000],
[0],140000],141000],
[0],140000],141000],
[0],140000],141000],
[0],140000],141000],
[0],140000],141000],
[0],140000],141000],
[0],140000],141000],
[0],140000],141000],
[0],140000],141000],
[0],140000],141000],
[0],140000],141000],
[0],140000],141000],
[0],140000],[
[0],[140000],141100],
[0],140000],141100],
[0],140000],141100],
[0],140000],141100],
[0],140000],141100],
[0],140000],141100],
[0],140000],141100],
[0],140000],141100],
[0],140000],141100],
[0],140000],141100],
[0],140000],141100],
[0],140000],141100],
[0],140000],141100],
[0],[
[0],[150000],[
[0],[150000],150100],
[0],150000],150100],
[0],150000],150100],
[0],150000],150100],
[0],150000],150100],
[0],150000],150100],
[0],150000],150100],
[0],150000],150100],
[0],150000],150100],
[0],150000],[
[0],[150000],150200],
[0],150000],150200],
[0],150000],150200],
[0],150000],150200],
[0],150000],150200],
[0],150000],150200],
[0],150000],150200],
[0],150000],150200],
[0],150000],150200],
[0],150000],[
[0],[150000],150300],
[0],150000],150300],
[0],150000],150300],
[0],150000],[
[0],[150000],150400],
[0],150000],150400],
[0],150000],150400],
[0],150000],150400],
[0],150000],150400],
[0],150000],150400],
[0],150000],150400],
[0],150000],150400],
[0],150000],150400],
[0],150000],150400],
[0],150000],150400],
[0],150000],150400],
[0],150000],[
[0],[150000],150500],
[0],150000],150500],
[0],150000],150500],
[0],150000],150500],
[0],150000],150500],
[0],150000],150500],
[0],150000],150500],
[0],150000],150500],
[0],150000],[
[0],[150000],150600],
[0],150000],150600],
[0],150000],150600],
[0],150000],150600],
[0],150000],150600],
[0],150000],150600],
[0],150000],150600],
[0],150000],150600],
[0],150000],150600],
[0],150000],[
[0],[150000],150700],
[0],150000],150700],
[0],150000],150700],
[0],150000],150700],
[0],150000],150700],
[0],150000],150700],
[0],150000],150700],
[0],150000],150700],
[0],150000],150700],
[0],150000],150700],
[0],150000],150700],
[0],150000],150700],
[0],150000],150700],
[0],150000],150700],
[0],150000],[
[0],[150000],150800],
[0],150000],150800],
[0],150000],150800],
[0],150000],150800],
[0],150000],150800],
[0],150000],150800],
[0],150000],150800],
[0],150000],[
[0],[150000],150900],
[0],150000],150900],
[0],150000],150900],
[0],150000],150900],
[0],150000],150900],
[0],150000],150900],
[0],150000],150900],
[0],150000],150900],
[0],150000],150900],
[0],150000],150900],
[0],150000],150900],
[0],150000],[
[0],[150000],152200],
[0],150000],152200],
[0],150000],152200],
[0],150000],152200],
[0],150000],152200],
[0],150000],152200],
[0],150000],[
[0],[150000],152500],
[0],150000],152500],
[0],150000],152500],
[0],150000],152500],
[0],150000],152500],
[0],150000],152500],
[0],150000],152500],
[0],150000],152500],
[0],150000],152500],
[0],150000],152500],
[0],150000],152500],
[0],150000],152500],
[0],150000],[
[0],[150000],152900],
[0],150000],152900],
[0],150000],152900],
[0],[
[0],[210000],[
[0],[210000],[210100],
[0],[210000],[210100],
[0],[210000],[210100],
[0],[210000],[210100],
[0],[210000],[210100],
[0],[210000],[210100],
[0],[210000],[210100],
[0],[210000],[210100],
[0],[210000],[210100],
[0],[210000],[210100],
[0],[210000],[210100],
[0],[210000],[210100],
[0],[210000],[210100],
[0],[210000],[
[0],[210000],[210200],
[0],[210000],[210200],
[0],[210000],[210200],
[0],[210000],[210200],
[0],[210000],[210200],
[0],[210000],[210200],
[0],[210000],[210200],
[0],[210000],[210200],
[0],[210000],[210200],
[0],[210000],[210200],
[0],[210000],[
[0],[210000],[210300],
[0],[210000],[210300],
[0],[210000],[210300],
[0],[210000],[210300],
[0],[210000],[210300],
[0],[210000],[210300],
[0],[210000],[210300],
[0],[210000],[
[0],[210000],[210400],
[0],[210000],[210400],
[0],[210000],[210400],
[0],[210000],[210400],
[0],[210000],[210400],
[0],[210000],[210400],
[0],[210000],[210400],
[0],[210000],[
[0],[210000],[210500],
[0],[210000],[210500],
[0],[210000],[210500],
[0],[210000],[210500],
[0],[210000],[210500],
[0],[210000],[210500],
[0],[210000],[
[0],[210000],[210600],
[0],[210000],[210600],
[0],[210000],[210600],
[0],[210000],[210600],
[0],[210000],[210600],
[0],[210000],[210600],
[0],[210000],[
[0],[210000],[210700],
[0],[210000],[210700],
[0],[210000],[210700],
[0],[210000],[210700],
[0],[210000],[210700],
[0],[210000],[210700],
[0],[210000],[210700],
[0],[210000],[
[0],[210000],[210800],
[0],[210000],[210800],
[0],[210000],[210800],
[0],[210000],[210800],
[0],[210000],[210800],
[0],[210000],[210800],
[0],[210000],[
[0],[210000],[210900],
[0],[210000],[210900],
[0],[210000],[210900],
[0],[210000],[210900],
[0],[210000],[210900],
[0],[210000],[210900],
[0],[210000],[210900],
[0],[210000],[
[0],[210000],[211000],
[0],[210000],[211000],
[0],[210000],[211000],
[0],[210000],[211000],
[0],[210000],[211000],
[0],[210000],[211000],
[0],[210000],[211000],
[0],[210000],[
[0],[210000],[211100],
[0],[210000],[211100],
[0],[210000],[211100],
[0],[210000],[211100],
[0],[210000],[
[0],[210000],[211200],
[0],[210000],[211200],
[0],[210000],[211200],
[0],[210000],[211200],
[0],[210000],[211200],
[0],[210000],[211200],
[0],[210000],[211200],
[0],[210000],[
[0],[210000],[211300],
[0],[210000],[211300],
[0],[210000],[211300],
[0],[210000],[211300],
[0],[210000],[211300],
[0],[210000],[211300],
[0],[210000],[211300],
[0],[210000],[
[0],[210000],[211400],
[0],[210000],[211400],
[0],[210000],[211400],
[0],[210000],[211400],
[0],[210000],[211400],
[0],[210000],[211400],
[0],[
[0],[220000],[
[0],[220000],[220100],
[0],[220000],[220100],
[0],[220000],[220100],
[0],[220000],[220100],
[0],[220000],[220100],
[0],[220000],[220100],
[0],[220000],[220100],
[0],[220000],[220100],
[0],[220000],[220100],
[0],[220000],[220100],
[0],[220000],[
[0],[220000],[220200],
[0],[220000],[220200],
[0],[220000],[220200],
[0],[220000],[220200],
[0],[220000],[220200],
[0],[220000],[220200],
[0],[220000],[220200],
[0],[220000],[220200],
[0],[220000],[220200],
[0],[220000],[
[0],[220000],[220300],
[0],[220000],[220300],
[0],[220000],[220300],
[0],[220000],[220300],
[0],[220000],[220300],
[0],[220000],[220300],
[0],[220000],[
[0],[220000],[220400],
[0],[220000],[220400],
[0],[220000],[220400],
[0],[220000],[220400],
[0],[220000],[
[0],[220000],[220500],
[0],[220000],[220500],
[0],[220000],[220500],
[0],[220000],[220500],
[0],[220000],[220500],
[0],[220000],[220500],
[0],[220000],[220500],
[0],[220000],[
[0],[220000],[220600],
[0],[220000],[220600],
[0],[220000],[220600],
[0],[220000],[220600],
[0],[220000],[220600],
[0],[220000],[220600],
[0],[220000],[
[0],[220000],[220700],
[0],[220000],[220700],
[0],[220000],[220700],
[0],[220000],[220700],
[0],[220000],[220700],
[0],[220000],[
[0],[220000],[220800],
[0],[220000],[220800],
[0],[220000],[220800],
[0],[220000],[220800],
[0],[220000],[220800],
[0],[220000],[
[0],[220000],[222400],
[0],[220000],[222400],
[0],[220000],[222400],
[0],[220000],[222400],
[0],[220000],[222400],
[0],[220000],[222400],
[0],[220000],[222400],
[0],[220000],[222400],
[0],[
[0],[230000],[
[0],[230000],[230100],
[0],[230000],[230100],
[0],[230000],[230100],
[0],[230000],[230100],
[0],[230000],[230100],
[0],[230000],[230100],
[0],[230000],[230100],
[0],[230000],[230100],
[0],[230000],[230100],
[0],[230000],[230100],
[0],[230000],[230100],
[0],[230000],[230100],
[0],[230000],[230100],
[0],[230000],[230100],
[0],[230000],[230100],
[0],[230000],[230100],
[0],[230000],[230100],
[0],[230000],[230100],
[0],[230000],[
[0],[230000],[230200],
[0],[230000],[230200],
[0],[230000],[230200],
[0],[230000],[230200],
[0],[230000],[230200],
[0],[230000],[230200],
[0],[230000],[230200],
[0],[230000],[230200],
[0],[230000],[230200],
[0],[230000],[230200],
[0],[230000],[230200],
[0],[230000],[230200],
[0],[230000],[230200],
[0],[230000],[230200],
[0],[230000],[230200],
[0],[230000],[230200],
[0],[230000],[
[0],[230000],[230300],
[0],[230000],[230300],
[0],[230000],[230300],
[0],[230000],[230300],
[0],[230000],[230300],
[0],[230000],[230300],
[0],[230000],[230300],
[0],[230000],[230300],
[0],[230000],[230300],
[0],[230000],[
[0],[230000],[230400],
[0],[230000],[230400],
[0],[230000],[230400],
[0],[230000],[230400],
[0],[230000],[230400],
[0],[230000],[230400],
[0],[230000],[230400],
[0],[230000],[230400],
[0],[230000],[
[0],[230000],[230500],
[0],[230000],[230500],
[0],[230000],[230500],
[0],[230000],[230500],
[0],[230000],[230500],
[0],[230000],[230500],
[0],[230000],[230500],
[0],[230000],[230500],
[0],[230000],[
[0],[230000],[230600],
[0],[230000],[230600],
[0],[230000],[230600],
[0],[230000],[230600],
[0],[230000],[230600],
[0],[230000],[230600],
[0],[230000],[230600],
[0],[230000],[230600],
[0],[230000],[230600],
[0],[230000],[
[0],[230000],[230700],
[0],[230000],[230700],
[0],[230000],[230700],
[0],[230000],[230700],
[0],[230000],[230700],
[0],[230000],[230700],
[0],[230000],[230700],
[0],[230000],[230700],
[0],[230000],[230700],
[0],[230000],[230700],
[0],[230000],[230700],
[0],[230000],[230700],
[0],[230000],[230700],
[0],[230000],[230700],
[0],[230000],[230700],
[0],[230000],[230700],
[0],[230000],[230700],
[0],[230000],[
[0],[230000],[230800],
[0],[230000],[230800],
[0],[230000],[230800],
[0],[230000],[230800],
[0],[230000],[230800],
[0],[230000],[230800],
[0],[230000],[230800],
[0],[230000],[230800],
[0],[230000],[230800],
[0],[230000],[230800],
[0],[230000],[
[0],[230000],[230900],
[0],[230000],[230900],
[0],[230000],[230900],
[0],[230000],[230900],
[0],[230000],[
[0],[230000],[231000],
[0],[230000],[231000],
[0],[230000],[231000],
[0],[230000],[231000],
[0],[230000],[231000],
[0],[230000],[231000],
[0],[230000],[231000],
[0],[230000],[231000],
[0],[230000],[231000],
[0],[230000],[231000],
[0],[230000],[
[0],[230000],[231100],
[0],[230000],[231100],
[0],[230000],[231100],
[0],[230000],[231100],
[0],[230000],[231100],
[0],[230000],[231100],
[0],[230000],[
[0],[230000],[231200],
[0],[230000],[231200],
[0],[230000],[231200],
[0],[230000],[231200],
[0],[230000],[231200],
[0],[230000],[231200],
[0],[230000],[231200],
[0],[230000],[231200],
[0],[230000],[231200],
[0],[230000],[231200],
[0],[230000],[
[0],[230000],[232700],
[0],[230000],[232700],
[0],[230000],[232700],
[0],[230000],[232700],
[0],[
[0],[310000],[
[0],[310000],[310100],
[0],[310000],[310100],
[0],[310000],[310100],
[0],[310000],[310100],
[0],[310000],[310100],
[0],[310000],[310100],
[0],[310000],[310100],
[0],[310000],[310100],
[0],[310000],[310100],
[0],[310000],[310100],
[0],[310000],[310100],
[0],[310000],[310100],
[0],[310000],[310100],
[0],[310000],[310100],
[0],[310000],[310100],
[0],[310000],[310100],
[0],[
[0],[320000],[
[0],[320000],[320100],
[0],[320000],[320100],
[0],[320000],[320100],
[0],[320000],[320100],
[0],[320000],[320100],
[0],[320000],[320100],
[0],[320000],[320100],
[0],[320000],[320100],
[0],[320000],[320100],
[0],[320000],[320100],
[0],[320000],[320100],
[0],[320000],[
[0],[320000],[320200],
[0],[320000],[320200],
[0],[320000],[320200],
[0],[320000],[320200],
[0],[320000],[320200],
[0],[320000],[320200],
[0],[320000],[320200],
[0],[320000],[
[0],[320000],[320300],
[0],[320000],[320300],
[0],[320000],[320300],
[0],[320000],[320300],
[0],[320000],[320300],
[0],[320000],[320300],
[0],[320000],[320300],
[0],[320000],[320300],
[0],[320000],[320300],
[0],[320000],[320300],
[0],[320000],[
[0],[320000],[320400],
[0],[320000],[320400],
[0],[320000],[320400],
[0],[320000],[320400],
[0],[320000],[320400],
[0],[320000],[320400],
[0],[320000],[
[0],[320000],[320500],
[0],[320000],[320500],
[0],[320000],[320500],
[0],[320000],[320500],
[0],[320000],[320500],
[0],[320000],[320500],
[0],[320000],[320500],
[0],[320000],[320500],
[0],[320000],[320500],
[0],[320000],[
[0],[320000],[320600],
[0],[320000],[320600],
[0],[320000],[320600],
[0],[320000],[320600],
[0],[320000],[320600],
[0],[320000],[320600],
[0],[320000],[320600],
[0],[320000],[320600],
[0],[320000],[
[0],[320000],[320700],
[0],[320000],[320700],
[0],[320000],[320700],
[0],[320000],[320700],
[0],[320000],[320700],
[0],[320000],[320700],
[0],[320000],[
[0],[320000],[320800],
[0],[320000],[320800],
[0],[320000],[320800],
[0],[320000],[320800],
[0],[320000],[320800],
[0],[320000],[320800],
[0],[320000],[320800],
[0],[320000],[
[0],[320000],[320900],
[0],[320000],[320900],
[0],[320000],[320900],
[0],[320000],[320900],
[0],[320000],[320900],
[0],[320000],[320900],
[0],[320000],[320900],
[0],[320000],[320900],
[0],[320000],[320900],
[0],[320000],[
[0],[320000],[321000],
[0],[320000],[321000],
[0],[320000],[321000],
[0],[320000],[321000],
[0],[320000],[321000],
[0],[320000],[321000],
[0],[320000],[
[0],[320000],[321100],
[0],[320000],[321100],
[0],[320000],[321100],
[0],[320000],[321100],
[0],[320000],[321100],
[0],[320000],[321100],
[0],[320000],[
[0],[320000],[321200],
[0],[320000],[321200],
[0],[320000],[321200],
[0],[320000],[321200],
[0],[320000],[321200],
[0],[320000],[321200],
[0],[320000],[
[0],[320000],[321300],
[0],[320000],[321300],
[0],[320000],[321300],
[0],[320000],[321300],
[0],[320000],[321300],
[0],[
[0],[330000],[
[0],[330000],[330100],
[0],[330000],[330100],
[0],[330000],[330100],
[0],[330000],[330100],
[0],[330000],[330100],
[0],[330000],[330100],
[0],[330000],[330100],
[0],[330000],[330100],
[0],[330000],[330100],
[0],[330000],[330100],
[0],[330000],[330100],
[0],[330000],[330100],
[0],[330000],[330100],
[0],[330000],[
[0],[330000],[330200],
[0],[330000],[330200],
[0],[330000],[330200],
[0],[330000],[330200],
[0],[330000],[330200],
[0],[330000],[330200],
[0],[330000],[330200],
[0],[330000],[330200],
[0],[330000],[330200],
[0],[330000],[330200],
[0],[330000],[
[0],[330000],[330300],
[0],[330000],[330300],
[0],[330000],[330300],
[0],[330000],[330300],
[0],[330000],[330300],
[0],[330000],[330300],
[0],[330000],[330300],
[0],[330000],[330300],
[0],[330000],[330300],
[0],[330000],[330300],
[0],[330000],[330300],
[0],[330000],[
[0],[330000],[330400],
[0],[330000],[330400],
[0],[330000],[330400],
[0],[330000],[330400],
[0],[330000],[330400],
[0],[330000],[330400],
[0],[330000],[330400],
[0],[330000],[
[0],[330000],[330500],
[0],[330000],[330500],
[0],[330000],[330500],
[0],[330000],[330500],
[0],[330000],[330500],
[0],[330000],[
[0],[330000],[330600],
[0],[330000],[330600],
[0],[330000],[330600],
[0],[330000],[330600],
[0],[330000],[330600],
[0],[330000],[330600],
[0],[330000],[
[0],[330000],[330700],
[0],[330000],[330700],
[0],[330000],[330700],
[0],[330000],[330700],
[0],[330000],[330700],
[0],[330000],[330700],
[0],[330000],[330700],
[0],[330000],[330700],
[0],[330000],[330700],
[0],[330000],[
[0],[330000],[330800],
[0],[330000],[330800],
[0],[330000],[330800],
[0],[330000],[330800],
[0],[330000],[330800],
[0],[330000],[330800],
[0],[330000],[
[0],[330000],[330900],
[0],[330000],[330900],
[0],[330000],[330900],
[0],[330000],[330900],
[0],[330000],[
[0],[330000],[331000],
[0],[330000],[331000],
[0],[330000],[331000],
[0],[330000],[331000],
[0],[330000],[331000],
[0],[330000],[331000],
[0],[330000],[331000],
[0],[330000],[331000],
[0],[330000],[331000],
[0],[330000],[
[0],[330000],[331100],
[0],[330000],[331100],
[0],[330000],[331100],
[0],[330000],[331100],
[0],[330000],[331100],
[0],[330000],[331100],
[0],[330000],[331100],
[0],[330000],[331100],
[0],[330000],[331100],
[0],[
[0],[340000],[
[0],[340000],[340100],
[0],[340000],[340100],
[0],[340000],[340100],
[0],[340000],[340100],
[0],[340000],[340100],
[0],[340000],[340100],
[0],[340000],[340100],
[0],[340000],[340100],
[0],[340000],[340100],
[0],[340000],[
[0],[340000],[340200],
[0],[340000],[340200],
[0],[340000],[340200],
[0],[340000],[340200],
[0],[340000],[340200],
[0],[340000],[340200],
[0],[340000],[340200],
[0],[340000],[340200],
[0],[340000],[
[0],[340000],[340300],
[0],[340000],[340300],
[0],[340000],[340300],
[0],[340000],[340300],
[0],[340000],[340300],
[0],[340000],[340300],
[0],[340000],[340300],
[0],[340000],[
[0],[340000],[340400],
[0],[340000],[340400],
[0],[340000],[340400],
[0],[340000],[340400],
[0],[340000],[340400],
[0],[340000],[340400],
[0],[340000],[340400],
[0],[340000],[
[0],[340000],[340500],
[0],[340000],[340500],
[0],[340000],[340500],
[0],[340000],[340500],
[0],[340000],[340500],
[0],[340000],[340500],
[0],[340000],[
[0],[340000],[340600],
[0],[340000],[340600],
[0],[340000],[340600],
[0],[340000],[340600],
[0],[340000],[
[0],[340000],[340700],
[0],[340000],[340700],
[0],[340000],[340700],
[0],[340000],[340700],
[0],[340000],[
[0],[340000],[340800],
[0],[340000],[340800],
[0],[340000],[340800],
[0],[340000],[340800],
[0],[340000],[340800],
[0],[340000],[340800],
[0],[340000],[340800],
[0],[340000],[340800],
[0],[340000],[340800],
[0],[340000],[340800],
[0],[340000],[
[0],[340000],[341000],
[0],[340000],[341000],
[0],[340000],[341000],
[0],[340000],[341000],
[0],[340000],[341000],
[0],[340000],[341000],
[0],[340000],[341000],
[0],[340000],[
[0],[340000],[341100],
[0],[340000],[341100],
[0],[340000],[341100],
[0],[340000],[341100],
[0],[340000],[341100],
[0],[340000],[341100],
[0],[340000],[341100],
[0],[340000],[341100],
[0],[340000],[
[0],[340000],[341200],
[0],[340000],[341200],
[0],[340000],[341200],
[0],[340000],[341200],
[0],[340000],[341200],
[0],[340000],[341200],
[0],[340000],[341200],
[0],[340000],[341200],
[0],[340000],[
[0],[340000],[341300],
[0],[340000],[341300],
[0],[340000],[341300],
[0],[340000],[341300],
[0],[340000],[341300],
[0],[340000],[
[0],[340000],[341500],
[0],[340000],[341500],
[0],[340000],[341500],
[0],[340000],[341500],
[0],[340000],[341500],
[0],[340000],[341500],
[0],[340000],[341500],
[0],[340000],[
[0],[340000],[341600],
[0],[340000],[341600],
[0],[340000],[341600],
[0],[340000],[341600],
[0],[340000],[
[0],[340000],[341700],
[0],[340000],[341700],
[0],[340000],[341700],
[0],[340000],[341700],
[0],[340000],[
[0],[340000],[341800],
[0],[340000],[341800],
[0],[340000],[341800],
[0],[340000],[341800],
[0],[340000],[341800],
[0],[340000],[341800],
[0],[340000],[341800],
[0],[
[0],[350000],[
[0],[350000],[350100],
[0],[350000],[350100],
[0],[350000],[350100],
[0],[350000],[350100],
[0],[350000],[350100],
[0],[350000],[350100],
[0],[350000],[350100],
[0],[350000],[350100],
[0],[350000],[350100],
[0],[350000],[350100],
[0],[350000],[350100],
[0],[350000],[350100],
[0],[350000],[350100],
[0],[350000],[
[0],[350000],[350200],
[0],[350000],[350200],
[0],[350000],[350200],
[0],[350000],[350200],
[0],[350000],[350200],
[0],[350000],[350200],
[0],[350000],[
[0],[350000],[350300],
[0],[350000],[350300],
[0],[350000],[350300],
[0],[350000],[350300],
[0],[350000],[350300],
[0],[350000],[
[0],[350000],[350400],
[0],[350000],[350400],
[0],[350000],[350400],
[0],[350000],[350400],
[0],[350000],[350400],
[0],[350000],[350400],
[0],[350000],[350400],
[0],[350000],[350400],
[0],[350000],[350400],
[0],[350000],[350400],
[0],[350000],[350400],
[0],[350000],[350400],
[0],[350000],[
[0],[350000],[350500],
[0],[350000],[350500],
[0],[350000],[350500],
[0],[350000],[350500],
[0],[350000],[350500],
[0],[350000],[350500],
[0],[350000],[350500],
[0],[350000],[350500],
[0],[350000],[350500],
[0],[350000],[350500],
[0],[350000],[350500],
[0],[350000],[350500],
[0],[350000],[
[0],[350000],[350600],
[0],[350000],[350600],
[0],[350000],[350600],
[0],[350000],[350600],
[0],[350000],[350600],
[0],[350000],[350600],
[0],[350000],[350600],
[0],[350000],[350600],
[0],[350000],[350600],
[0],[350000],[350600],
[0],[350000],[350600],
[0],[350000],[
[0],[350000],[350700],
[0],[350000],[350700],
[0],[350000],[350700],
[0],[350000],[350700],
[0],[350000],[350700],
[0],[350000],[350700],
[0],[350000],[350700],
[0],[350000],[350700],
[0],[350000],[350700],
[0],[350000],[350700],
[0],[350000],[
[0],[350000],[350800],
[0],[350000],[350800],
[0],[350000],[350800],
[0],[350000],[350800],
[0],[350000],[350800],
[0],[350000],[350800],
[0],[350000],[350800],
[0],[350000],[
[0],[350000],[350900],
[0],[350000],[350900],
[0],[350000],[350900],
[0],[350000],[350900],
[0],[350000],[350900],
[0],[350000],[350900],
[0],[350000],[350900],
[0],[350000],[350900],
[0],[350000],[350900],
[0],[
[0],[360000],[
[0],[360000],[360100],
[0],[360000],[360100],
[0],[360000],[360100],
[0],[360000],[360100],
[0],[360000],[360100],
[0],[360000],[360100],
[0],[360000],[360100],
[0],[360000],[360100],
[0],[360000],[360100],
[0],[360000],[
[0],[360000],[360200],
[0],[360000],[360200],
[0],[360000],[360200],
[0],[360000],[360200],
[0],[360000],[
[0],[360000],[360300],
[0],[360000],[360300],
[0],[360000],[360300],
[0],[360000],[360300],
[0],[360000],[360300],
[0],[360000],[
[0],[360000],[360400],
[0],[360000],[360400],
[0],[360000],[360400],
[0],[360000],[360400],
[0],[360000],[360400],
[0],[360000],[360400],
[0],[360000],[360400],
[0],[360000],[360400],
[0],[360000],[360400],
[0],[360000],[360400],
[0],[360000],[360400],
[0],[360000],[360400],
[0],[360000],[360400],
[0],[360000],[
[0],[360000],[360500],
[0],[360000],[360500],
[0],[360000],[
[0],[360000],[360600],
[0],[360000],[360600],
[0],[360000],[360600],
[0],[360000],[
[0],[360000],[360700],
[0],[360000],[360700],
[0],[360000],[360700],
[0],[360000],[360700],
[0],[360000],[360700],
[0],[360000],[360700],
[0],[360000],[360700],
[0],[360000],[360700],
[0],[360000],[360700],
[0],[360000],[360700],
[0],[360000],[360700],
[0],[360000],[360700],
[0],[360000],[360700],
[0],[360000],[360700],
[0],[360000],[360700],
[0],[360000],[360700],
[0],[360000],[360700],
[0],[360000],[360700],
[0],[360000],[
[0],[360000],[360800],
[0],[360000],[360800],
[0],[360000],[360800],
[0],[360000],[360800],
[0],[360000],[360800],
[0],[360000],[360800],
[0],[360000],[360800],
[0],[360000],[360800],
[0],[360000],[360800],
[0],[360000],[360800],
[0],[360000],[360800],
[0],[360000],[360800],
[0],[360000],[360800],
[0],[360000],[
[0],[360000],[360900],
[0],[360000],[360900],
[0],[360000],[360900],
[0],[360000],[360900],
[0],[360000],[360900],
[0],[360000],[360900],
[0],[360000],[360900],
[0],[360000],[360900],
[0],[360000],[360900],
[0],[360000],[360900],
[0],[360000],[
[0],[360000],[361000],
[0],[360000],[361000],
[0],[360000],[361000],
[0],[360000],[361000],
[0],[360000],[361000],
[0],[360000],[361000],
[0],[360000],[361000],
[0],[360000],[361000],
[0],[360000],[361000],
[0],[360000],[361000],
[0],[360000],[361000],
[0],[360000],[
[0],[360000],[361100],
[0],[360000],[361100],
[0],[360000],[361100],
[0],[360000],[361100],
[0],[360000],[361100],
[0],[360000],[361100],
[0],[360000],[361100],
[0],[360000],[361100],
[0],[360000],[361100],
[0],[360000],[361100],
[0],[360000],[361100],
[0],[360000],[361100],
[0],[
[0],[370000],[
[0],[370000],[370100],
[0],[370000],[370100],
[0],[370000],[370100],
[0],[370000],[370100],
[0],[370000],[370100],
[0],[370000],[370100],
[0],[370000],[370100],
[0],[370000],[370100],
[0],[370000],[370100],
[0],[370000],[370100],
[0],[370000],[
[0],[370000],[370200],
[0],[370000],[370200],
[0],[370000],[370200],
[0],[370000],[370200],
[0],[370000],[370200],
[0],[370000],[370200],
[0],[370000],[370200],
[0],[370000],[370200],
[0],[370000],[370200],
[0],[370000],[370200],
[0],[370000],[
[0],[370000],[370300],
[0],[370000],[370300],
[0],[370000],[370300],
[0],[370000],[370300],
[0],[370000],[370300],
[0],[370000],[370300],
[0],[370000],[370300],
[0],[370000],[370300],
[0],[370000],[
[0],[370000],[370400],
[0],[370000],[370400],
[0],[370000],[370400],
[0],[370000],[370400],
[0],[370000],[370400],
[0],[370000],[370400],
[0],[370000],[
[0],[370000],[370500],
[0],[370000],[370500],
[0],[370000],[370500],
[0],[370000],[370500],
[0],[370000],[370500],
[0],[370000],[
[0],[370000],[370600],
[0],[370000],[370600],
[0],[370000],[370600],
[0],[370000],[370600],
[0],[370000],[370600],
[0],[370000],[370600],
[0],[370000],[370600],
[0],[370000],[370600],
[0],[370000],[370600],
[0],[370000],[370600],
[0],[370000],[370600],
[0],[370000],[370600],
[0],[370000],[
[0],[370000],[370700],
[0],[370000],[370700],
[0],[370000],[370700],
[0],[370000],[370700],
[0],[370000],[370700],
[0],[370000],[370700],
[0],[370000],[370700],
[0],[370000],[370700],
[0],[370000],[370700],
[0],[370000],[370700],
[0],[370000],[370700],
[0],[370000],[370700],
[0],[370000],[
[0],[370000],[370800],
[0],[370000],[370800],
[0],[370000],[370800],
[0],[370000],[370800],
[0],[370000],[370800],
[0],[370000],[370800],
[0],[370000],[370800],
[0],[370000],[370800],
[0],[370000],[370800],
[0],[370000],[370800],
[0],[370000],[370800],
[0],[370000],[
[0],[370000],[370900],
[0],[370000],[370900],
[0],[370000],[370900],
[0],[370000],[370900],
[0],[370000],[370900],
[0],[370000],[370900],
[0],[370000],[
[0],[370000],[371000],
[0],[370000],[371000],
[0],[370000],[371000],
[0],[370000],[371000],
[0],[370000],[
[0],[370000],[371100],
[0],[370000],[371100],
[0],[370000],[371100],
[0],[370000],[371100],
[0],[370000],[
[0],[370000],[371200],
[0],[370000],[371200],
[0],[370000],[
[0],[370000],[371300],
[0],[370000],[371300],
[0],[370000],[371300],
[0],[370000],[371300],
[0],[370000],[371300],
[0],[370000],[371300],
[0],[370000],[371300],
[0],[370000],[371300],
[0],[370000],[371300],
[0],[370000],[371300],
[0],[370000],[371300],
[0],[370000],[371300],
[0],[370000],[
[0],[370000],[371400],
[0],[370000],[371400],
[0],[370000],[371400],
[0],[370000],[371400],
[0],[370000],[371400],
[0],[370000],[371400],
[0],[370000],[371400],
[0],[370000],[371400],
[0],[370000],[371400],
[0],[370000],[371400],
[0],[370000],[371400],
[0],[370000],[
[0],[370000],[371500],
[0],[370000],[371500],
[0],[370000],[371500],
[0],[370000],[371500],
[0],[370000],[371500],
[0],[370000],[371500],
[0],[370000],[371500],
[0],[370000],[371500],
[0],[370000],[
[0],[370000],[371600],
[0],[370000],[371600],
[0],[370000],[371600],
[0],[370000],[371600],
[0],[370000],[371600],
[0],[370000],[371600],
[0],[370000],[371600],
[0],[370000],[
[0],[370000],[371700],
[0],[370000],[371700],
[0],[370000],[371700],
[0],[370000],[371700],
[0],[370000],[371700],
[0],[370000],[371700],
[0],[370000],[371700],
[0],[370000],[371700],
[0],[370000],[371700],
[0],[
[0],[410000],[
[0],[410000],[410100],
[0],[410000],[410100],
[0],[410000],[410100],
[0],[410000],[410100],
[0],[410000],[410100],
[0],[410000],[410100],
[0],[410000],[410100],
[0],[410000],[410100],
[0],[410000],[410100],
[0],[410000],[410100],
[0],[410000],[410100],
[0],[410000],[410100],
[0],[410000],[
[0],[410000],[410200],
[0],[410000],[410200],
[0],[410000],[410200],
[0],[410000],[410200],
[0],[410000],[410200],
[0],[410000],[410200],
[0],[410000],[410200],
[0],[410000],[410200],
[0],[410000],[410200],
[0],[410000],[
[0],[410000],[410300],
[0],[410000],[410300],
[0],[410000],[410300],
[0],[410000],[410300],
[0],[410000],[410300],
[0],[410000],[410300],
[0],[410000],[410300],
[0],[410000],[410300],
[0],[410000],[410300],
[0],[410000],[410300],
[0],[410000],[410300],
[0],[410000],[410300],
[0],[410000],[410300],
[0],[410000],[410300],
[0],[410000],[410300],
[0],[410000],[
[0],[410000],[410400],
[0],[410000],[410400],
[0],[410000],[410400],
[0],[410000],[410400],
[0],[410000],[410400],
[0],[410000],[410400],
[0],[410000],[410400],
[0],[410000],[410400],
[0],[410000],[410400],
[0],[410000],[410400],
[0],[410000],[
[0],[410000],[410500],
[0],[410000],[410500],
[0],[410000],[410500],
[0],[410000],[410500],
[0],[410000],[410500],
[0],[410000],[410500],
[0],[410000],[410500],
[0],[410000],[410500],
[0],[410000],[410500],
[0],[410000],[
[0],[410000],[410600],
[0],[410000],[410600],
[0],[410000],[410600],
[0],[410000],[410600],
[0],[410000],[410600],
[0],[410000],[
[0],[410000],[410700],
[0],[410000],[410700],
[0],[410000],[410700],
[0],[410000],[410700],
[0],[410000],[410700],
[0],[410000],[410700],
[0],[410000],[410700],
[0],[410000],[410700],
[0],[410000],[410700],
[0],[410000],[410700],
[0],[410000],[410700],
[0],[410000],[410700],
[0],[410000],[
[0],[410000],[410800],
[0],[410000],[410800],
[0],[410000],[410800],
[0],[410000],[410800],
[0],[410000],[410800],
[0],[410000],[410800],
[0],[410000],[410800],
[0],[410000],[410800],
[0],[410000],[410800],
[0],[410000],[410800],
[0],[410000],[
[0],[410000],[410900],
[0],[410000],[410900],
[0],[410000],[410900],
[0],[410000],[410900],
[0],[410000],[410900],
[0],[410000],[410900],
[0],[410000],[
[0],[410000],[411000],
[0],[410000],[411000],
[0],[410000],[411000],
[0],[410000],[411000],
[0],[410000],[411000],
[0],[410000],[411000],
[0],[410000],[
[0],[410000],[411100],
[0],[410000],[411100],
[0],[410000],[411100],
[0],[410000],[411100],
[0],[410000],[411100],
[0],[410000],[
[0],[410000],[411200],
[0],[410000],[411200],
[0],[410000],[411200],
[0],[410000],[411200],
[0],[410000],[411200],
[0],[410000],[411200],
[0],[410000],[
[0],[410000],[411300],
[0],[410000],[411300],
[0],[410000],[411300],
[0],[410000],[411300],
[0],[410000],[411300],
[0],[410000],[411300],
[0],[410000],[411300],
[0],[410000],[411300],
[0],[410000],[411300],
[0],[410000],[411300],
[0],[410000],[411300],
[0],[410000],[411300],
[0],[410000],[411300],
[0],[410000],[
[0],[410000],[411400],
[0],[410000],[411400],
[0],[410000],[411400],
[0],[410000],[411400],
[0],[410000],[411400],
[0],[410000],[411400],
[0],[410000],[411400],
[0],[410000],[411400],
[0],[410000],[411400],
[0],[410000],[
[0],[410000],[411500],
[0],[410000],[411500],
[0],[410000],[411500],
[0],[410000],[411500],
[0],[410000],[411500],
[0],[410000],[411500],
[0],[410000],[411500],
[0],[410000],[411500],
[0],[410000],[411500],
[0],[410000],[411500],
[0],[410000],[
[0],[410000],[411600],
[0],[410000],[411600],
[0],[410000],[411600],
[0],[410000],[411600],
[0],[410000],[411600],
[0],[410000],[411600],
[0],[410000],[411600],
[0],[410000],[411600],
[0],[410000],[411600],
[0],[410000],[411600],
[0],[410000],[
[0],[410000],[411700],
[0],[410000],[411700],
[0],[410000],[411700],
[0],[410000],[411700],
[0],[410000],[411700],
[0],[410000],[411700],
[0],[410000],[411700],
[0],[410000],[411700],
[0],[410000],[411700],
[0],[410000],[411700],
[0],[410000],[
[0],[
[0],[420000],[
[0],[420000],[420100],
[0],[420000],[420100],
[0],[420000],[420100],
[0],[420000],[420100],
[0],[420000],[420100],
[0],[420000],[420100],
[0],[420000],[420100],
[0],[420000],[420100],
[0],[420000],[420100],
[0],[420000],[420100],
[0],[420000],[420100],
[0],[420000],[420100],
[0],[420000],[420100],
[0],[420000],[
[0],[420000],[420200],
[0],[420000],[420200],
[0],[420000],[420200],
[0],[420000],[420200],
[0],[420000],[420200],
[0],[420000],[420200],
[0],[420000],[
[0],[420000],[420300],
[0],[420000],[420300],
[0],[420000],[420300],
[0],[420000],[420300],
[0],[420000],[420300],
[0],[420000],[420300],
[0],[420000],[420300],
[0],[420000],[420300],
[0],[420000],[
[0],[420000],[420500],
[0],[420000],[420500],
[0],[420000],[420500],
[0],[420000],[420500],
[0],[420000],[420500],
[0],[420000],[420500],
[0],[420000],[420500],
[0],[420000],[420500],
[0],[420000],[420500],
[0],[420000],[420500],
[0],[420000],[420500],
[0],[420000],[420500],
[0],[420000],[420500],
[0],[420000],[
[0],[420000],[420600],
[0],[420000],[420600],
[0],[420000],[420600],
[0],[420000],[420600],
[0],[420000],[420600],
[0],[420000],[420600],
[0],[420000],[420600],
[0],[420000],[420600],
[0],[420000],[420600],
[0],[420000],[
[0],[420000],[420700],
[0],[420000],[420700],
[0],[420000],[420700],
[0],[420000],[
[0],[420000],[420800],
[0],[420000],[420800],
[0],[420000],[420800],
[0],[420000],[420800],
[0],[420000],[420800],
[0],[420000],[
[0],[420000],[420900],
[0],[420000],[420900],
[0],[420000],[420900],
[0],[420000],[420900],
[0],[420000],[420900],
[0],[420000],[420900],
[0],[420000],[420900],
[0],[420000],[
[0],[420000],[421000],
[0],[420000],[421000],
[0],[420000],[421000],
[0],[420000],[421000],
[0],[420000],[421000],
[0],[420000],[421000],
[0],[420000],[421000],
[0],[420000],[421000],
[0],[420000],[
[0],[420000],[421100],
[0],[420000],[421100],
[0],[420000],[421100],
[0],[420000],[421100],
[0],[420000],[421100],
[0],[420000],[421100],
[0],[420000],[421100],
[0],[420000],[421100],
[0],[420000],[421100],
[0],[420000],[421100],
[0],[420000],[
[0],[420000],[421200],
[0],[420000],[421200],
[0],[420000],[421200],
[0],[420000],[421200],
[0],[420000],[421200],
[0],[420000],[421200],
[0],[420000],[
[0],[420000],[421300],
[0],[420000],[421300],
[0],[420000],[421300],
[0],[420000],[
[0],[420000],[422800],
[0],[420000],[422800],
[0],[420000],[422800],
[0],[420000],[422800],
[0],[420000],[422800],
[0],[420000],[422800],
[0],[420000],[422800],
[0],[420000],[422800],
[0],[420000],[
[0],[420000],[
[0],[420000],[
[0],[420000],[
[0],[
[0],[430000],[
[0],[430000],[430100],
[0],[430000],[430100],
[0],[430000],[430100],
[0],[430000],[430100],
[0],[430000],[430100],
[0],[430000],[430100],
[0],[430000],[430100],
[0],[430000],[430100],
[0],[430000],[430100],
[0],[430000],[
[0],[430000],[430200],
[0],[430000],[430200],
[0],[430000],[430200],
[0],[430000],[430200],
[0],[430000],[430200],
[0],[430000],[430200],
[0],[430000],[430200],
[0],[430000],[430200],
[0],[430000],[430200],
[0],[430000],[
[0],[430000],[430300],
[0],[430000],[430300],
[0],[430000],[430300],
[0],[430000],[430300],
[0],[430000],[430300],
[0],[430000],[
[0],[430000],[430400],
[0],[430000],[430400],
[0],[430000],[430400],
[0],[430000],[430400],
[0],[430000],[430400],
[0],[430000],[430400],
[0],[430000],[430400],
[0],[430000],[430400],
[0],[430000],[430400],
[0],[430000],[430400],
[0],[430000],[430400],
[0],[430000],[430400],
[0],[430000],[
[0],[430000],[430500],
[0],[430000],[430500],
[0],[430000],[430500],
[0],[430000],[430500],
[0],[430000],[430500],
[0],[430000],[430500],
[0],[430000],[430500],
[0],[430000],[430500],
[0],[430000],[430500],
[0],[430000],[430500],
[0],[430000],[430500],
[0],[430000],[430500],
[0],[430000],[
[0],[430000],[430600],
[0],[430000],[430600],
[0],[430000],[430600],
[0],[430000],[430600],
[0],[430000],[430600],
[0],[430000],[430600],
[0],[430000],[430600],
[0],[430000],[430600],
[0],[430000],[430600],
[0],[430000],[
[0],[430000],[430700],
[0],[430000],[430700],
[0],[430000],[430700],
[0],[430000],[430700],
[0],[430000],[430700],
[0],[430000],[430700],
[0],[430000],[430700],
[0],[430000],[430700],
[0],[430000],[430700],
[0],[430000],[
[0],[430000],[430800],
[0],[430000],[430800],
[0],[430000],[430800],
[0],[430000],[430800],
[0],[430000],[
[0],[430000],[430900],
[0],[430000],[430900],
[0],[430000],[430900],
[0],[430000],[430900],
[0],[430000],[430900],
[0],[430000],[430900],
[0],[430000],[
[0],[430000],[431000],
[0],[430000],[431000],
[0],[430000],[431000],
[0],[430000],[431000],
[0],[430000],[431000],
[0],[430000],[431000],
[0],[430000],[431000],
[0],[430000],[431000],
[0],[430000],[431000],
[0],[430000],[431000],
[0],[430000],[431000],
[0],[430000],[
[0],[430000],[431100],
[0],[430000],[431100],
[0],[430000],[431100],
[0],[430000],[431100],
[0],[430000],[431100],
[0],[430000],[431100],
[0],[430000],[431100],
[0],[430000],[431100],
[0],[430000],[431100],
[0],[430000],[431100],
[0],[430000],[431100],
[0],[430000],[
[0],[430000],[431200],
[0],[430000],[431200],
[0],[430000],[431200],
[0],[430000],[431200],
[0],[430000],[431200],
[0],[430000],[431200],
[0],[430000],[431200],
[0],[430000],[431200],
[0],[430000],[431200],
[0],[430000],[431200],
[0],[430000],[431200],
[0],[430000],[431200],
[0],[430000],[
[0],[430000],[431300],
[0],[430000],[431300],
[0],[430000],[431300],
[0],[430000],[431300],
[0],[430000],[431300],
[0],[430000],[
[0],[430000],[433100],
[0],[430000],[433100],
[0],[430000],[433100],
[0],[430000],[433100],
[0],[430000],[433100],
[0],[430000],[433100],
[0],[430000],[433100],
[0],[430000],[433100],
[0],[
[0],[440000],[
[0],[440000],[440100],
[0],[440000],[440100],
[0],[440000],[440100],
[0],[440000],[440100],
[0],[440000],[440100],
[0],[440000],[440100],
[0],[440000],[440100],
[0],[440000],[440100],
[0],[440000],[440100],
[0],[440000],[440100],
[0],[440000],[440100],
[0],[440000],[
[0],[440000],[440200],
[0],[440000],[440200],
[0],[440000],[440200],
[0],[440000],[440200],
[0],[440000],[440200],
[0],[440000],[440200],
[0],[440000],[440200],
[0],[440000],[440200],
[0],[440000],[440200],
[0],[440000],[440200],
[0],[440000],[
[0],[440000],[440300],
[0],[440000],[440300],
[0],[440000],[440300],
[0],[440000],[440300],
[0],[440000],[440300],
[0],[440000],[440300],
[0],[440000],[440300],
[0],[440000],[440300],
[0],[440000],[
[0],[440000],[440400],
[0],[440000],[440400],
[0],[440000],[440400],
[0],[440000],[
[0],[440000],[440500],
[0],[440000],[440500],
[0],[440000],[440500],
[0],[440000],[440500],
[0],[440000],[440500],
[0],[440000],[440500],
[0],[440000],[440500],
[0],[440000],[
[0],[440000],[440600],
[0],[440000],[440600],
[0],[440000],[440600],
[0],[440000],[440600],
[0],[440000],[440600],
[0],[440000],[
[0],[440000],[440700],
[0],[440000],[440700],
[0],[440000],[440700],
[0],[440000],[440700],
[0],[440000],[440700],
[0],[440000],[440700],
[0],[440000],[440700],
[0],[440000],[
[0],[440000],[440800],
[0],[440000],[440800],
[0],[440000],[440800],
[0],[440000],[440800],
[0],[440000],[440800],
[0],[440000],[440800],
[0],[440000],[440800],
[0],[440000],[440800],
[0],[440000],[440800],
[0],[440000],[
[0],[440000],[440900],
[0],[440000],[440900],
[0],[440000],[440900],
[0],[440000],[440900],
[0],[440000],[440900],
[0],[440000],[
[0],[440000],[441200],
[0],[440000],[441200],
[0],[440000],[441200],
[0],[440000],[441200],
[0],[440000],[441200],
[0],[440000],[441200],
[0],[440000],[441200],
[0],[440000],[441200],
[0],[440000],[
[0],[440000],[441300],
[0],[440000],[441300],
[0],[440000],[441300],
[0],[440000],[441300],
[0],[440000],[441300],
[0],[440000],[
[0],[440000],[441400],
[0],[440000],[441400],
[0],[440000],[441400],
[0],[440000],[441400],
[0],[440000],[441400],
[0],[440000],[441400],
[0],[440000],[441400],
[0],[440000],[441400],
[0],[440000],[
[0],[440000],[441500],
[0],[440000],[441500],
[0],[440000],[441500],
[0],[440000],[441500],
[0],[440000],[
[0],[440000],[441600],
[0],[440000],[441600],
[0],[440000],[441600],
[0],[440000],[441600],
[0],[440000],[441600],
[0],[440000],[441600],
[0],[440000],[
[0],[440000],[441700],
[0],[440000],[441700],
[0],[440000],[441700],
[0],[440000],[441700],
[0],[440000],[
[0],[440000],[441800],
[0],[440000],[441800],
[0],[440000],[441800],
[0],[440000],[441800],
[0],[440000],[441800],
[0],[440000],[441800],
[0],[440000],[441800],
[0],[440000],[441800],
[0],[440000],[
[0],[440000],[
[0],[440000],[
[0],[440000],[
[0],[440000],[445100],
[0],[440000],[445100],
[0],[440000],[445100],
[0],[440000],[
[0],[440000],[445200],
[0],[440000],[445200],
[0],[440000],[445200],
[0],[440000],[445200],
[0],[440000],[445200],
[0],[440000],[
[0],[440000],[445300],
[0],[440000],[445300],
[0],[440000],[445300],
[0],[440000],[445300],
[0],[440000],[445300],
[0],[
[0],[450000],[
[0],[450000],[450100],
[0],[450000],[450100],
[0],[450000],[450100],
[0],[450000],[450100],
[0],[450000],[450100],
[0],[450000],[450100],
[0],[450000],[450100],
[0],[450000],[450100],
[0],[450000],[450100],
[0],[450000],[450100],
[0],[450000],[450100],
[0],[450000],[450100],
[0],[450000],[
[0],[450000],[450200],
[0],[450000],[450200],
[0],[450000],[450200],
[0],[450000],[450200],
[0],[450000],[450200],
[0],[450000],[450200],
[0],[450000],[450200],
[0],[450000],[450200],
[0],[450000],[450200],
[0],[450000],[450200],
[0],[450000],[
[0],[450000],[450300],
[0],[450000],[450300],
[0],[450000],[450300],
[0],[450000],[450300],
[0],[450000],[450300],
[0],[450000],[450300],
[0],[450000],[450300],
[0],[450000],[450300],
[0],[450000],[450300],
[0],[450000],[450300],
[0],[450000],[450300],
[0],[450000],[450300],
[0],[450000],[450300],
[0],[450000],[450300],
[0],[450000],[450300],
[0],[450000],[450300],
[0],[450000],[450300],
[0],[450000],[
[0],[450000],[450400],
[0],[450000],[450400],
[0],[450000],[450400],
[0],[450000],[450400],
[0],[450000],[450400],
[0],[450000],[450400],
[0],[450000],[450400],
[0],[450000],[
[0],[450000],[450500],
[0],[450000],[450500],
[0],[450000],[450500],
[0],[450000],[450500],
[0],[450000],[
[0],[450000],[450600],
[0],[450000],[450600],
[0],[450000],[450600],
[0],[450000],[450600],
[0],[450000],[
[0],[450000],[450700],
[0],[450000],[450700],
[0],[450000],[450700],
[0],[450000],[450700],
[0],[450000],[
[0],[450000],[450800],
[0],[450000],[450800],
[0],[450000],[450800],
[0],[450000],[450800],
[0],[450000],[450800],
[0],[450000],[
[0],[450000],[450900],
[0],[450000],[450900],
[0],[450000],[450900],
[0],[450000],[450900],
[0],[450000],[450900],
[0],[450000],[450900],
[0],[450000],[450900],
[0],[450000],[
[0],[450000],[451000],
[0],[450000],[451000],
[0],[450000],[451000],
[0],[450000],[451000],
[0],[450000],[451000],
[0],[450000],[451000],
[0],[450000],[451000],
[0],[450000],[451000],
[0],[450000],[451000],
[0],[450000],[451000],
[0],[450000],[451000],
[0],[450000],[451000],
[0],[450000],[
[0],[450000],[451100],
[0],[450000],[451100],
[0],[450000],[451100],
[0],[450000],[451100],
[0],[450000],[451100],
[0],[450000],[
[0],[450000],[451200],
[0],[450000],[451200],
[0],[450000],[451200],
[0],[450000],[451200],
[0],[450000],[451200],
[0],[450000],[451200],
[0],[450000],[451200],
[0],[450000],[451200],
[0],[450000],[451200],
[0],[450000],[451200],
[0],[450000],[451200],
[0],[450000],[
[0],[450000],[451300],
[0],[450000],[451300],
[0],[450000],[451300],
[0],[450000],[451300],
[0],[450000],[451300],
[0],[450000],[451300],
[0],[450000],[
[0],[450000],[451400],
[0],[450000],[451400],
[0],[450000],[451400],
[0],[450000],[451400],
[0],[450000],[451400],
[0],[450000],[451400],
[0],[450000],[451400],
[0],[
[0],[460000],[
[0],[460000],[460100],
[0],[460000],[460100],
[0],[460000],[460100],
[0],[460000],[460100],
[0],[460000],[
[0],[460000],[460200],
[0],[460000],[460200],
[0],[460000],[460200],
[0],[460000],[460200],
[0],[460000],[
[0],[460000],[460300],
[0],[460000],[460300],
[0],[460000],[460300],
[0],[460000],[
[0],[460000],[
[0],[460000],[
[0],[460000],[
[0],[460000],[
[0],[460000],[
[0],[460000],[
[0],[460000],[
[0],[460000],[
[0],[460000],[
[0],[460000],[
[0],[460000],[
[0],[460000],[
[0],[460000],[
[0],[460000],[
[0],[460000],[
[0],[
[0],[500000],[
[0],[500000],[500100],
[0],[500000],[500100],
[0],[500000],[500100],
[0],[500000],[500100],
[0],[500000],[500100],
[0],[500000],[500100],
[0],[500000],[500100],
[0],[500000],[500100],
[0],[500000],[500100],
[0],[500000],[500100],
[0],[500000],[500100],
[0],[500000],[500100],
[0],[500000],[500100],
[0],[500000],[500100],
[0],[500000],[500100],
[0],[500000],[500100],
[0],[500000],[500100],
[0],[500000],[500100],
[0],[500000],[500100],
[0],[500000],[500100],
[0],[500000],[500100],
[0],[500000],[500100],
[0],[500000],[500100],
[0],[500000],[500100],
[0],[500000],[500200],
[0],[500000],[500200],
[0],[500000],[
[0],[500000],[500200],
[0],[500000],[500200],
[0],[500000],[500200],
[0],[500000],[500200],
[0],[500000],[500200],
[0],[500000],[500200],
[0],[500000],[500200],
[0],[500000],[500200],
[0],[500000],[500200],
[0],[500000],[500200],
[0],[500000],[500200],
[0],[500000],[500200],
[0],[
[0],[510000],[
[0],[510000],[510100],
[0],[510000],[510100],
[0],[510000],[510100],
[0],[510000],[510100],
[0],[510000],[510100],
[0],[510000],[510100],
[0],[510000],[510100],
[0],[510000],[510100],
[0],[510000],[510100],
[0],[510000],[510100],
[0],[510000],[510100],
[0],[510000],[510100],
[0],[510000],[510100],
[0],[510000],[510100],
[0],[510000],[510100],
[0],[510000],[510100],
[0],[510000],[510100],
[0],[510000],[510100],
[0],[510000],[510100],
[0],[510000],[510100],
[0],[510000],[
[0],[510000],[510300],
[0],[510000],[510300],
[0],[510000],[510300],
[0],[510000],[510300],
[0],[510000],[510300],
[0],[510000],[510300],
[0],[510000],[
[0],[510000],[510400],
[0],[510000],[510400],
[0],[510000],[510400],
[0],[510000],[510400],
[0],[510000],[510400],
[0],[510000],[
[0],[510000],[510500],
[0],[510000],[510500],
[0],[510000],[510500],
[0],[510000],[510500],
[0],[510000],[510500],
[0],[510000],[510500],
[0],[510000],[510500],
[0],[510000],[
[0],[510000],[510600],
[0],[510000],[510600],
[0],[510000],[510600],
[0],[510000],[510600],
[0],[510000],[510600],
[0],[510000],[510600],
[0],[510000],[
[0],[510000],[510700],
[0],[510000],[510700],
[0],[510000],[510700],
[0],[510000],[510700],
[0],[510000],[510700],
[0],[510000],[510700],
[0],[510000],[510700],
[0],[510000],[510700],
[0],[510000],[510700],
[0],[510000],[
[0],[510000],[510800],
[0],[510000],[510800],
[0],[510000],[510800],
[0],[510000],[510800],
[0],[510000],[510800],
[0],[510000],[510800],
[0],[510000],[510800],
[0],[510000],[
[0],[510000],[510900],
[0],[510000],[510900],
[0],[510000],[510900],
[0],[510000],[510900],
[0],[510000],[510900],
[0],[510000],[
[0],[510000],[511000],
[0],[510000],[511000],
[0],[510000],[511000],
[0],[510000],[511000],
[0],[510000],[511000],
[0],[510000],[
[0],[510000],[511100],
[0],[510000],[511100],
[0],[510000],[511100],
[0],[510000],[511100],
[0],[510000],[511100],
[0],[510000],[511100],
[0],[510000],[511100],
[0],[510000],[511100],
[0],[510000],[511100],
[0],[510000],[511100],
[0],[510000],[511100],
[0],[510000],[
[0],[510000],[511300],
[0],[510000],[511300],
[0],[510000],[511300],
[0],[510000],[511300],
[0],[510000],[511300],
[0],[510000],[511300],
[0],[510000],[511300],
[0],[510000],[511300],
[0],[510000],[511300],
[0],[510000],[
[0],[510000],[511400],
[0],[510000],[511400],
[0],[510000],[511400],
[0],[510000],[511400],
[0],[510000],[511400],
[0],[510000],[511400],
[0],[510000],[
[0],[510000],[511500],
[0],[510000],[511500],
[0],[510000],[511500],
[0],[510000],[511500],
[0],[510000],[511500],
[0],[510000],[511500],
[0],[510000],[511500],
[0],[510000],[511500],
[0],[510000],[511500],
[0],[510000],[511500],
[0],[510000],[
[0],[510000],[511600],
[0],[510000],[511600],
[0],[510000],[511600],
[0],[510000],[511600],
[0],[510000],[511600],
[0],[510000],[511600],
[0],[510000],[
[0],[510000],[511700],
[0],[510000],[511700],
[0],[510000],[511700],
[0],[510000],[511700],
[0],[510000],[511700],
[0],[510000],[511700],
[0],[510000],[511700],
[0],[510000],[
[0],[510000],[511800],
[0],[510000],[511800],
[0],[510000],[511800],
[0],[510000],[511800],
[0],[510000],[511800],
[0],[510000],[511800],
[0],[510000],[511800],
[0],[510000],[511800],
[0],[510000],[
[0],[510000],[511900],
[0],[510000],[511900],
[0],[510000],[511900],
[0],[510000],[511900],
[0],[510000],[511900],
[0],[510000],[
[0],[510000],[512000],
[0],[510000],[512000],
[0],[510000],[512000],
[0],[510000],[
[0],[510000],[513200],
[0],[510000],[513200],
[0],[510000],[513200],
[0],[510000],[513200],
[0],[510000],[513200],
[0],[510000],[513200],
[0],[510000],[513200],
[0],[510000],[513200],
[0],[510000],[513200],
[0],[510000],[513200],
[0],[510000],[513200],
[0],[510000],[513200],
[0],[510000],[513200],
[0],[510000],[
[0],[510000],[513300],
[0],[510000],[513300],
[0],[510000],[513300],
[0],[510000],[513300],
[0],[510000],[513300],
[0],[510000],[513300],
[0],[510000],[513300],
[0],[510000],[513300],
[0],[510000],[513300],
[0],[510000],[513300],
[0],[510000],[513300],
[0],[510000],[513300],
[0],[510000],[513300],
[0],[510000],[513300],
[0],[510000],[513300],
[0],[510000],[513300],
[0],[510000],[513300],
[0],[510000],[513300],
[0],[510000],[
[0],[510000],[513400],
[0],[510000],[513400],
[0],[510000],[513400],
[0],[510000],[513400],
[0],[510000],[513400],
[0],[510000],[513400],
[0],[510000],[513400],
[0],[510000],[513400],
[0],[510000],[513400],
[0],[510000],[513400],
[0],[510000],[513400],
[0],[510000],[513400],
[0],[510000],[513400],
[0],[510000],[513400],
[0],[510000],[513400],
[0],[510000],[513400],
[0],[510000],[513400],
[0],[
[0],[520000],[
[0],[520000],[520100],
[0],[520000],[520100],
[0],[520000],[520100],
[0],[520000],[520100],
[0],[520000],[520100],
[0],[520000],[520100],
[0],[520000],[520100],
[0],[520000],[520100],
[0],[520000],[520100],
[0],[520000],[520100],
[0],[520000],[
[0],[520000],[520200],
[0],[520000],[520200],
[0],[520000],[520200],
[0],[520000],[520200],
[0],[520000],[
[0],[520000],[520300],
[0],[520000],[520300],
[0],[520000],[520300],
[0],[520000],[520300],
[0],[520000],[520300],
[0],[520000],[520300],
[0],[520000],[520300],
[0],[520000],[520300],
[0],[520000],[520300],
[0],[520000],[520300],
[0],[520000],[520300],
[0],[520000],[520300],
[0],[520000],[520300],
[0],[520000],[520300],
[0],[520000],[
[0],[520000],[520400],
[0],[520000],[520400],
[0],[520000],[520400],
[0],[520000],[520400],
[0],[520000],[520400],
[0],[520000],[520400],
[0],[520000],[
[0],[520000],[520500],
[0],[520000],[520500],
[0],[520000],[520500],
[0],[520000],[520500],
[0],[520000],[520500],
[0],[520000],[520500],
[0],[520000],[520500],
[0],[520000],[520500],
[0],[520000],[
[0],[520000],[520600],
[0],[520000],[520600],
[0],[520000],[520600],
[0],[520000],[520600],
[0],[520000],[520600],
[0],[520000],[520600],
[0],[520000],[520600],
[0],[520000],[520600],
[0],[520000],[520600],
[0],[520000],[520600],
[0],[520000],[
[0],[520000],[522300],
[0],[520000],[522300],
[0],[520000],[522300],
[0],[520000],[522300],
[0],[520000],[522300],
[0],[520000],[522300],
[0],[520000],[522300],
[0],[520000],[522300],
[0],[520000],[
[0],[520000],[522600],
[0],[520000],[522600],
[0],[520000],[522600],
[0],[520000],[522600],
[0],[520000],[522600],
[0],[520000],[522600],
[0],[520000],[522600],
[0],[520000],[522600],
[0],[520000],[522600],
[0],[520000],[522600],
[0],[520000],[522600],
[0],[520000],[522600],
[0],[520000],[522600],
[0],[520000],[522600],
[0],[520000],[522600],
[0],[520000],[522600],
[0],[520000],[
[0],[520000],[522700],
[0],[520000],[522700],
[0],[520000],[522700],
[0],[520000],[522700],
[0],[520000],[522700],
[0],[520000],[522700],
[0],[520000],[522700],
[0],[520000],[522700],
[0],[520000],[522700],
[0],[520000],[522700],
[0],[520000],[522700],
[0],[520000],[522700],
[0],[
[0],[530000],[
[0],[530000],[530100],
[0],[530000],[530100],
[0],[530000],[530100],
[0],[530000],[530100],
[0],[530000],[530100],
[0],[530000],[530100],
[0],[530000],[530100],
[0],[530000],[530100],
[0],[530000],[530100],
[0],[530000],[530100],
[0],[530000],[530100],
[0],[530000],[530100],
[0],[530000],[530100],
[0],[530000],[530100],
[0],[530000],[
[0],[530000],[530300],
[0],[530000],[530300],
[0],[530000],[530300],
[0],[530000],[530300],
[0],[530000],[530300],
[0],[530000],[530300],
[0],[530000],[530300],
[0],[530000],[530300],
[0],[530000],[530300],
[0],[530000],[
[0],[530000],[530400],
[0],[530000],[530400],
[0],[530000],[530400],
[0],[530000],[530400],
[0],[530000],[530400],
[0],[530000],[530400],
[0],[530000],[530400],
[0],[530000],[530400],
[0],[530000],[530400],
[0],[530000],[
[0],[530000],[530500],
[0],[530000],[530500],
[0],[530000],[530500],
[0],[530000],[530500],
[0],[530000],[530500],
[0],[530000],[
[0],[530000],[530600],
[0],[530000],[530600],
[0],[530000],[530600],
[0],[530000],[530600],
[0],[530000],[530600],
[0],[530000],[530600],
[0],[530000],[530600],
[0],[530000],[530600],
[0],[530000],[530600],
[0],[530000],[530600],
[0],[530000],[530600],
[0],[530000],[
[0],[530000],[530700],
[0],[530000],[530700],
[0],[530000],[530700],
[0],[530000],[530700],
[0],[530000],[530700],
[0],[530000],[
[0],[530000],[530800],
[0],[530000],[530800],
[0],[530000],[530800],
[0],[530000],[530800],
[0],[530000],[530800],
[0],[530000],[530800],
[0],[530000],[530800],
[0],[530000],[530800],
[0],[530000],[530800],
[0],[530000],[530800],
[0],[530000],[
[0],[530000],[530900],
[0],[530000],[530900],
[0],[530000],[530900],
[0],[530000],[530900],
[0],[530000],[530900],
[0],[530000],[530900],
[0],[530000],[530900],
[0],[530000],[530900],
[0],[530000],[
[0],[530000],[532300],
[0],[530000],[532300],
[0],[530000],[532300],
[0],[530000],[532300],
[0],[530000],[532300],
[0],[530000],[532300],
[0],[530000],[532300],
[0],[530000],[532300],
[0],[530000],[532300],
[0],[530000],[532300],
[0],[530000],[
[0],[530000],[532500],
[0],[530000],[532500],
[0],[530000],[532500],
[0],[530000],[532500],
[0],[530000],[532500],
[0],[530000],[532500],
[0],[530000],[532500],
[0],[530000],[532500],
[0],[530000],[532500],
[0],[530000],[532500],
[0],[530000],[532500],
[0],[530000],[532500],
[0],[530000],[532500],
[0],[530000],[
[0],[530000],[532600],
[0],[530000],[532600],
[0],[530000],[532600],
[0],[530000],[532600],
[0],[530000],[532600],
[0],[530000],[532600],
[0],[530000],[532600],
[0],[530000],[532600],
[0],[530000],[
[0],[530000],[532800],
[0],[530000],[532800],
[0],[530000],[532800],
[0],[530000],[
[0],[530000],[532900],
[0],[530000],[532900],
[0],[530000],[532900],
[0],[530000],[532900],
[0],[530000],[532900],
[0],[530000],[532900],
[0],[530000],[532900],
[0],[530000],[532900],
[0],[530000],[532900],
[0],[530000],[532900],
[0],[530000],[532900],
[0],[530000],[532900],
[0],[530000],[
[0],[530000],[533100],
[0],[530000],[533100],
[0],[530000],[533100],
[0],[530000],[533100],
[0],[530000],[533100],
[0],[530000],[
[0],[530000],[533300],
[0],[530000],[533300],
[0],[530000],[533300],
[0],[530000],[533300],
[0],[530000],[
[0],[530000],[533400],
[0],[530000],[533400],
[0],[530000],[533400],
[0],[
[0],[540000],[
[0],[540000],[540100],
[0],[540000],[540100],
[0],[540000],[540100],
[0],[540000],[540100],
[0],[540000],[540100],
[0],[540000],[540100],
[0],[540000],[540100],
[0],[540000],[540100],
[0],[540000],[
[0],[540000],[540200],
[0],[540000],[540200],
[0],[540000],[540200],
[0],[540000],[540200],
[0],[540000],[540200],
[0],[540000],[540200],
[0],[540000],[540200],
[0],[540000],[540200],
[0],[540000],[540200],
[0],[540000],[540200],
[0],[540000],[540200],
[0],[540000],[540200],
[0],[540000],[540200],
[0],[540000],[540200],
[0],[540000],[540200],
[0],[540000],[540200],
[0],[540000],[540200],
[0],[540000],[540200],
[0],[540000],[
[0],[540000],[540300],
[0],[540000],[540300],
[0],[540000],[540300],
[0],[540000],[540300],
[0],[540000],[540300],
[0],[540000],[540300],
[0],[540000],[540300],
[0],[540000],[540300],
[0],[540000],[540300],
[0],[540000],[540300],
[0],[540000],[540300],
[0],[540000],[
[0],[540000],[540400],
[0],[540000],[540400],
[0],[540000],[540400],
[0],[540000],[540400],
[0],[540000],[540400],
[0],[540000],[540400],
[0],[540000],[540400],
[0],[540000],[
[0],[540000],[540500],
[0],[540000],[540500],
[0],[540000],[540500],
[0],[540000],[540500],
[0],[540000],[540500],
[0],[540000],[540500],
[0],[540000],[540500],
[0],[540000],[540500],
[0],[540000],[540500],
[0],[540000],[540500],
[0],[540000],[540500],
[0],[540000],[540500],
[0],[540000],[
[0],[540000],[542400],
[0],[540000],[542400],
[0],[540000],[542400],
[0],[540000],[542400],
[0],[540000],[542400],
[0],[540000],[542400],
[0],[540000],[542400],
[0],[540000],[542400],
[0],[540000],[542400],
[0],[540000],[542400],
[0],[540000],[542400],
[0],[540000],[
[0],[540000],[542500],
[0],[540000],[542500],
[0],[540000],[542500],
[0],[540000],[542500],
[0],[540000],[542500],
[0],[540000],[542500],
[0],[540000],[542500],
[0],[
[0],[610000],[
[0],[610000],[610100],
[0],[610000],[610100],
[0],[610000],[610100],
[0],[610000],[610100],
[0],[610000],[610100],
[0],[610000],[610100],
[0],[610000],[610100],
[0],[610000],[610100],
[0],[610000],[610100],
[0],[610000],[610100],
[0],[610000],[610100],
[0],[610000],[610100],
[0],[610000],[610100],
[0],[610000],[
[0],[610000],[610200],
[0],[610000],[610200],
[0],[610000],[610200],
[0],[610000],[610200],
[0],[610000],[
[0],[610000],[610300],
[0],[610000],[610300],
[0],[610000],[610300],
[0],[610000],[610300],
[0],[610000],[610300],
[0],[610000],[610300],
[0],[610000],[610300],
[0],[610000],[610300],
[0],[610000],[610300],
[0],[610000],[610300],
[0],[610000],[610300],
[0],[610000],[610300],
[0],[610000],[
[0],[610000],[610400],
[0],[610000],[610400],
[0],[610000],[610400],
[0],[610000],[610400],
[0],[610000],[610400],
[0],[610000],[610400],
[0],[610000],[610400],
[0],[610000],[610400],
[0],[610000],[610400],
[0],[610000],[610400],
[0],[610000],[610400],
[0],[610000],[610400],
[0],[610000],[610400],
[0],[610000],[610400],
[0],[610000],[
[0],[610000],[610500],
[0],[610000],[610500],
[0],[610000],[610500],
[0],[610000],[610500],
[0],[610000],[610500],
[0],[610000],[610500],
[0],[610000],[610500],
[0],[610000],[610500],
[0],[610000],[610500],
[0],[610000],[610500],
[0],[610000],[610500],
[0],[610000],[
[0],[610000],[610600],
[0],[610000],[610600],
[0],[610000],[610600],
[0],[610000],[610600],
[0],[610000],[610600],
[0],[610000],[610600],
[0],[610000],[610600],
[0],[610000],[610600],
[0],[610000],[610600],
[0],[610000],[610600],
[0],[610000],[610600],
[0],[610000],[610600],
[0],[610000],[610600],
[0],[610000],[
[0],[610000],[610700],
[0],[610000],[610700],
[0],[610000],[610700],
[0],[610000],[610700],
[0],[610000],[610700],
[0],[610000],[610700],
[0],[610000],[610700],
[0],[610000],[610700],
[0],[610000],[610700],
[0],[610000],[610700],
[0],[610000],[610700],
[0],[610000],[
[0],[610000],[610800],
[0],[610000],[610800],
[0],[610000],[610800],
[0],[610000],[610800],
[0],[610000],[610800],
[0],[610000],[610800],
[0],[610000],[610800],
[0],[610000],[610800],
[0],[610000],[610800],
[0],[610000],[610800],
[0],[610000],[610800],
[0],[610000],[610800],
[0],[610000],[
[0],[610000],[610900],
[0],[610000],[610900],
[0],[610000],[610900],
[0],[610000],[610900],
[0],[610000],[610900],
[0],[610000],[610900],
[0],[610000],[610900],
[0],[610000],[610900],
[0],[610000],[610900],
[0],[610000],[610900],
[0],[610000],[
[0],[610000],[611000],
[0],[610000],[611000],
[0],[610000],[611000],
[0],[610000],[611000],
[0],[610000],[611000],
[0],[610000],[611000],
[0],[610000],[611000],
[0],[
[0],[620000],[
[0],[620000],[620100],
[0],[620000],[620100],
[0],[620000],[620100],
[0],[620000],[620100],
[0],[620000],[620100],
[0],[620000],[620100],
[0],[620000],[620100],
[0],[620000],[620100],
[0],[620000],[
[0],[620000],[
[0],[620000],[620300],
[0],[620000],[620300],
[0],[620000],[
[0],[620000],[620400],
[0],[620000],[620400],
[0],[620000],[620400],
[0],[620000],[620400],
[0],[620000],[620400],
[0],[620000],[
[0],[620000],[620500],
[0],[620000],[620500],
[0],[620000],[620500],
[0],[620000],[620500],
[0],[620000],[620500],
[0],[620000],[620500],
[0],[620000],[620500],
[0],[620000],[
[0],[620000],[620600],
[0],[620000],[620600],
[0],[620000],[620600],
[0],[620000],[620600],
[0],[620000],[
[0],[620000],[620700],
[0],[620000],[620700],
[0],[620000],[620700],
[0],[620000],[620700],
[0],[620000],[620700],
[0],[620000],[620700],
[0],[620000],[
[0],[620000],[620800],
[0],[620000],[620800],
[0],[620000],[620800],
[0],[620000],[620800],
[0],[620000],[620800],
[0],[620000],[620800],
[0],[620000],[620800],
[0],[620000],[
[0],[620000],[620900],
[0],[620000],[620900],
[0],[620000],[620900],
[0],[620000],[620900],
[0],[620000],[620900],
[0],[620000],[620900],
[0],[620000],[620900],
[0],[620000],[
[0],[620000],[621000],
[0],[620000],[621000],
[0],[620000],[621000],
[0],[620000],[621000],
[0],[620000],[621000],
[0],[620000],[621000],
[0],[620000],[621000],
[0],[620000],[621000],
[0],[620000],[
[0],[620000],[621100],
[0],[620000],[621100],
[0],[620000],[621100],
[0],[620000],[621100],
[0],[620000],[621100],
[0],[620000],[621100],
[0],[620000],[621100],
[0],[620000],[
[0],[620000],[621200],
[0],[620000],[621200],
[0],[620000],[621200],
[0],[620000],[621200],
[0],[620000],[621200],
[0],[620000],[621200],
[0],[620000],[621200],
[0],[620000],[621200],
[0],[620000],[621200],
[0],[620000],[
[0],[620000],[622900],
[0],[620000],[622900],
[0],[620000],[622900],
[0],[620000],[622900],
[0],[620000],[622900],
[0],[620000],[622900],
[0],[620000],[622900],
[0],[620000],[622900],
[0],[620000],[
[0],[620000],[623000],
[0],[620000],[623000],
[0],[620000],[623000],
[0],[620000],[623000],
[0],[620000],[623000],
[0],[620000],[623000],
[0],[620000],[623000],
[0],[620000],[623000],
[0],[
[0],[630000],[
[0],[630000],[630100],
[0],[630000],[630100],
[0],[630000],[630100],
[0],[630000],[630100],
[0],[630000],[630100],
[0],[630000],[630100],
[0],[630000],[630100],
[0],[630000],[
[0],[630000],[630200],
[0],[630000],[630200],
[0],[630000],[630200],
[0],[630000],[630200],
[0],[630000],[630200],
[0],[630000],[630200],
[0],[630000],[
[0],[630000],[632200],
[0],[630000],[632200],
[0],[630000],[632200],
[0],[630000],[632200],
[0],[630000],[
[0],[630000],[632300],
[0],[630000],[632300],
[0],[630000],[632300],
[0],[630000],[632300],
[0],[630000],[
[0],[630000],[632500],
[0],[630000],[632500],
[0],[630000],[632500],
[0],[630000],[632500],
[0],[630000],[632500],
[0],[630000],[
[0],[630000],[632600],
[0],[630000],[632600],
[0],[630000],[632600],
[0],[630000],[632600],
[0],[630000],[632600],
[0],[630000],[632600],
[0],[630000],[
[0],[630000],[632700],
[0],[630000],[632700],
[0],[630000],[632700],
[0],[630000],[632700],
[0],[630000],[632700],
[0],[630000],[632700],
[0],[630000],[
[0],[630000],[632800],
[0],[630000],[632800],
[0],[630000],[632800],
[0],[630000],[632800],
[0],[630000],[632800],
[0],[630000],[632800],
[0],[
[0],[640000],[
[0],[640000],[640100],
[0],[640000],[640100],
[0],[640000],[640100],
[0],[640000],[640100],
[0],[640000],[640100],
[0],[640000],[640100],
[0],[640000],[
[0],[640000],[640200],
[0],[640000],[640200],
[0],[640000],[640200],
[0],[640000],[
[0],[640000],[640300],
[0],[640000],[640300],
[0],[640000],[640300],
[0],[640000],[640300],
[0],[640000],[640300],
[0],[640000],[
[0],[640000],[640400],
[0],[640000],[640400],
[0],[640000],[640400],
[0],[640000],[640400],
[0],[640000],[640400],
[0],[640000],[
[0],[640000],[640500],
[0],[640000],[640500],
[0],[640000],[640500],
[0],[
[0],[650000],[
[0],[650000],[650100],
[0],[650000],[650100],
[0],[650000],[650100],
[0],[650000],[650100],
[0],[650000],[650100],
[0],[650000],[650100],
[0],[650000],[650100],
[0],[650000],[650100],
[0],[650000],[
[0],[650000],[650200],
[0],[650000],[650200],
[0],[650000],[650200],
[0],[650000],[650200],
[0],[650000],[
[0],[650000],[650400],
[0],[650000],[650400],
[0],[650000],[650400],
[0],[650000],[
[0],[650000],[650500],
[0],[650000],[650500],
[0],[650000],[650500],
[0],[650000],[
[0],[650000],[652300],
[0],[650000],[652300],
[0],[650000],[652300],
[0],[650000],[652300],
[0],[650000],[652300],
[0],[650000],[652300],
[0],[650000],[652300],
[0],[650000],[
[0],[650000],[652700],
[0],[650000],[652700],
[0],[650000],[652700],
[0],[650000],[652700],
[0],[650000],[
[0],[650000],[652800],
[0],[650000],[652800],
[0],[650000],[652800],
[0],[650000],[652800],
[0],[650000],[652800],
[0],[650000],[652800],
[0],[650000],[652800],
[0],[650000],[652800],
[0],[650000],[652800],
[0],[650000],[
[0],[650000],[652900],
[0],[650000],[652900],
[0],[650000],[652900],
[0],[650000],[652900],
[0],[650000],[652900],
[0],[650000],[652900],
[0],[650000],[652900],
[0],[650000],[652900],
[0],[650000],[652900],
[0],[650000],[
[0],[650000],[653000],
[0],[650000],[653000],
[0],[650000],[653000],
[0],[650000],[653000],
[0],[650000],[
[0],[650000],[653100],
[0],[650000],[653100],
[0],[650000],[653100],
[0],[650000],[653100],
[0],[650000],[653100],
[0],[650000],[653100],
[0],[650000],[653100],
[0],[650000],[653100],
[0],[650000],[653100],
[0],[650000],[653100],
[0],[650000],[653100],
[0],[650000],[653100],
[0],[650000],[
[0],[650000],[653200],
[0],[650000],[653200],
[0],[650000],[653200],
[0],[650000],[653200],
[0],[650000],[653200],
[0],[650000],[653200],
[0],[650000],[653200],
[0],[650000],[653200],
[0],[650000],[
[0],[650000],[654000],
[0],[650000],[654000],
[0],[650000],[654000],
[0],[650000],[654000],
[0],[650000],[654000],
[0],[650000],[654000],
[0],[650000],[654000],
[0],[650000],[654000],
[0],[650000],[654000],
[0],[650000],[654000],
[0],[650000],[654000],
[0],[650000],[
[0],[650000],[654200],
[0],[650000],[654200],
[0],[650000],[654200],
[0],[650000],[654200],
[0],[650000],[654200],
[0],[650000],[654200],
[0],[650000],[654200],
[0],[650000],[
[0],[650000],[654300],
[0],[650000],[654300],
[0],[650000],[654300],
[0],[650000],[654300],
[0],[650000],[654300],
[0],[650000],[654300],
[0],[650000],[654300],
[0],[650000],[
[0],[650000],[
[0],[650000],[
[0],[650000],[
[0],[650000],[
[0],[650000],[
[0],[650000],[
[0],[650000],[
[0],[650000],[
[0],[
[0],[
[0],[810000],[
[0],[810000],[
[0],[810000],[
[0],[810000],[
[0],[810000],[
[0],[810000],[
[0],[810000],[
[0],[810000],[
[0],[810000],[
[0],[810000],[
[0],[810000],[
[0],[810000],[
[0],[810000],[
[0],[810000],[
[0],[810000],[
[0],[810000],[
[0],[810000],[
[0],[810000],[
[0],[
[0],[820000],[
[0],[820000],[
[0],[820000],[
[0],[820000],[
[0],[820000],[
[0],[820000],
[0],[820000],
[0],[820000],